
1
INIZIO ITERAZIONE! Obs = tensor([[-0.0477,  0.1149,  0.1738, -0.0280, -0.0438, -0.9751,  1.0000,  0.0000,
         -0.0000, -0.1437, -0.4072,  0.3376, -0.1744, -0.0077, -0.1678,  0.0266,
         -0.1509,  0.2428,  0.3788, -0.4747, -0.3980, -0.4471,  0.4970,  0.3566,
          0.2084,  0.2752,  0.3604, -0.2296, -0.0762,  0.0000,  0.0000,  0.0000,
          0.0000,  0.0000,  0.0000,  0.0000,  0.0000,  0.0000,  0.0000,  0.0000,
          0.0000]], device='cuda:0')


MIDDLE ITERAZIONE! actions = tensor([[ 0.1800,  0.3260, -0.8488, -0.2289,  0.2011,  0.0907, -0.3546,  0.3540,
          1.0000,  1.0000,  0.5010,  1.0000]], device='cuda:0')


FINE ITERAZIONE!

2
INIZIO ITERAZIONE! Obs = tensor([[-7.3413e-01, -4.9844e-01, -1.8524e-01,  1.0361e-02,  3.6034e-02,
         -1.0303e+00,  1.0000e+00,  0.0000e+00, -0.0000e+00, -1.0728e-01,
         -4.0791e-01,  3.2821e-01, -1.8986e-01,  8.9756e-03, -6.2530e-02,
         -1.1988e-02, -5.1432e-02,  2.5427e+00, -2.2847e-01, -1.6544e+00,
         -1.8129e+00,  7.4929e-01,  7.1045e+00, -2.7388e+00,  8.2183e+00,
          9.6702e+00,  9.6817e+00,  5.3614e+00,  1.0157e+01,  1.7997e-01,
          3.2596e-01, -8.4879e-01, -2.2894e-01,  2.0105e-01,  9.0680e-02,
         -3.5459e-01,  3.5399e-01,  1.0000e+00,  1.0000e+00,  5.0096e-01,
          1.0000e+00]], device='cuda:0')


MIDDLE ITERAZIONE! actions = tensor([[-0.1421,  0.1887, -0.7047, -0.1004,  0.2880, -0.0594, -0.0508,  0.3535,
          1.0000,  1.0000,  0.8016,  1.0000]], device='cuda:0')

FINE ITERAZIONE!


3
INIZIO ITERAZIONE! Obs = tensor([[ 1.4115e-01, -7.2766e-01, -4.5122e-01, -4.2277e-02,  1.5160e-02,
         -9.5734e-01,  1.0000e+00,  0.0000e+00, -0.0000e+00, -4.0810e-02,
         -3.5472e-01,  2.2845e-01, -1.8041e-01,  1.5039e-02, -1.7845e-02,
          1.4889e-03,  2.3368e-02,  3.9088e+00,  4.5501e+00, -5.6563e+00,
          1.5688e+00,  1.6049e+00,  6.4848e-01,  9.4428e-01,  1.5783e+00,
          9.5704e+00,  9.5589e+00,  7.5074e+00,  1.0182e+01, -1.4213e-01,
          1.8866e-01, -7.0468e-01, -1.0035e-01,  2.8801e-01, -5.9404e-02,
         -5.0809e-02,  3.5347e-01,  1.0000e+00,  1.0000e+00,  8.0165e-01,
          1.0000e+00]], device='cuda:0')


MIDDLE ITERAZIONE! actions = tensor([[-0.2226,  0.1174, -0.6055, -0.1276,  0.2109, -0.1140, -0.1755,  0.3606,
          1.0000,  1.0000,  1.0000,  1.0000]], device='cuda:0')

FINE ITERAZIONE!

-----------------------------------------------------------------------------------------

ROS2


1
obs = np.array([[
            -0.0477,  0.1149,  0.1738, -0.0280, -0.0438, -0.9751,  1.0000,  0.0000,
            -0.0000, -0.1437, -0.4072,  0.3376, -0.1744, -0.0077, -0.1678,  0.0266,
            -0.1509,  0.2428,  0.3788, -0.4747, -0.3980, -0.4471,  0.4970,  0.3566,
            0.2084,  0.2752,  0.3604, -0.2296, -0.0762,  0.0000,  0.0000,  0.0000,
            0.0000,  0.0000,  0.0000,  0.0000,  0.0000,  0.0000,  0.0000,  0.0000,
            0.0000
        ]])
[inference_controller-1] [INFO] [1753305190.626316648] [inference_controller]: Action shape: (12,), 
ROS2: Action: [ 0.17995863  0.32593524 -0.84878594 -0.22892575  0.20110866  0.0906757 -0.3545814   0.35400987   ||||   1.1556624   1.048156    0.5008563   2.2075732 ]
Isaac:        [ 0.1800,     0.3260,    -0.8488,    -0.2289,     0.2011,     0.0907,   -0.3546,     0.3540,      ||||   1.0000,     1.0000,     0.5010,     1.0000]
Isaac_best:   [ 0.1800,     0.3260,     -0.8488,    -0.2289,    0.2011,     0.0907,   -0.3546,     0.3540,      ||||    1.0000,  1.0000,  0.5010,  1.0000]


2
obs = np.array([[
            -7.3413e-01, -4.9844e-01, -1.8524e-01,  1.0361e-02,  3.6034e-02,
            -1.0303e+00,  1.0000e+00,  0.0000e+00, -0.0000e+00, -1.0728e-01,
            -4.0791e-01,  3.2821e-01, -1.8986e-01,  8.9756e-03, -6.2530e-02,
            -1.1988e-02, -5.1432e-02,  2.5427e+00, -2.2847e-01, -1.6544e+00,
            -1.8129e+00,  7.4929e-01,  7.1045e+00, -2.7388e+00,  8.2183e+00,
            9.6702e+00,  9.6817e+00,  5.3614e+00,  1.0157e+01,  1.7997e-01,
            3.2596e-01, -8.4879e-01, -2.2894e-01,  2.0105e-01,  9.0680e-02,
            -3.5459e-01,  3.5399e-01,  1.0000e+00,  1.0000e+00,  5.0096e-01,
            1.0000e+00
        ]])
ROS2:  Action: [-0.14213222  0.18866241 -0.7046827  -0.10035516  0.2880034  -0.05940218  -0.0508113   0.35346815  ||||  1.4824077   2.4908433   0.801649    2.7948363 ]
ISaac:         [-0.1421,     0.1887,    -0.7047,    -0.1004,     0.2880,    -0.0594,     -0.0508,     0.3535,     ||||  1.0000,     1.0000,     0.8016,     1.0000]




3
obs = np.array([[
            1.4115e-01, -7.2766e-01, -4.5122e-01, -4.2277e-02,  1.5160e-02,
            -9.5734e-01,  1.0000e+00,  0.0000e+00, -0.0000e+00, -4.0810e-02,
            -3.5472e-01,  2.2845e-01, -1.8041e-01,  1.5039e-02, -1.7845e-02,
            1.4889e-03,  2.3368e-02,  3.9088e+00,  4.5501e+00, -5.6563e+00,
            1.5688e+00,  1.6049e+00,  6.4848e-01,  9.4428e-01,  1.5783e+00,
            9.5704e+00,  9.5589e+00,  7.5074e+00,  1.0182e+01, -1.4213e-01,
            1.8866e-01, -7.0468e-01, -1.0035e-01,  2.8801e-01, -5.9404e-02,
            -5.0809e-02,  3.5347e-01,  1.0000e+00,  1.0000e+00,  8.0165e-01,
            1.0000e+00
        ]])

ROS2: Action: [-0.22256736  0.11744388 -0.605474   -0.12757958  0.21091187 -0.11395449  -0.17546916  0.36064234   ||||  1.7074836   2.5114927   1.6201761   2.5948153 ]
Isaac:        [-0.2226,     0.1174,    -0.6055,    -0.1276,     0.2109,    -0.1140,     -0.1755,     0.3606,      ||||  1.0000,     1.0000,     1.0000,     1.0000]




--------------------------------------------------------------------------------------------------------------------------------------------------------------
--------------------------------------------------------------------------------------------------------------------------------------------------------------
--------------------------------------------------------------------------------------------------------------------------------------------------------------

ACTION CORRISPONDENTE A cmd_vel = [1, 0, 0]

Action (presa da IsaacSim): tensor([[ 0.5663, -0.1318, -0.0210, -0.4200,  0.9181,  0.0695,  0.0098,  0.2165,
          1.0000,  1.0000,  1.0000,  1.0000]], device='cuda:0')

Obs (IsaacSim): tensor([[-4.0862e-02, -1.5835e-01,  1.3141e-01,  
                        3.0450e-02,  4.8424e-02,  -1.0386e+00, 
                         1.0000e+00,  0.0000e+00, -0.0000e+00,  
                         
                         2.2608e-02, 3.9115e-02, -4.2061e-02, -9.7060e-03,  1.4910e-02, -8.3861e-04, -3.3036e-03, -1.5209e-02,  
                         
                         5.0710e-01, -9.3967e-01, -1.7201e-02, -2.1605e-01, -1.2845e-01,  1.0918e+00,  1.4499e-02, -1.1315e+00,
                        9.6171e+00,  1.0607e+01,  1.1122e+01,  8.5190e+00,  
                        
                        5.3908e-01,  1.9780e-01, -1.9082e-01, -2.4908e-01,  7.8677e-01, -8.1798e-02, 5.6951e-02,  1.6053e-01,  1.0000e+00,  1.0000e+00,  1.0000e+00,  1.0000e+00]], device='cuda:0')



obs:    [[ 0.          0.          0.          
           0.          0.          0.
           1.          0.          0.       

    joint_pos       2.09178933 -2.09280921 -2.08321563  2.08008544 -1.21140884  1.21085007  1.20012524 -1.19338751  
           
    joint_vel       0.30841724  -1.7541625   2.53470436 -0.390524   -0.46711249  3.03107666 -4.84427913 0.11508589     
                    0.          0.          0.          0.         

    prev_action     0.5663  -0.1318     -0.021      -0.42        0.9181      0.0695      0.0098    0.2165      1.          1.          1.          1.  ]]



----

obs: [[ 0.00000000e+00  0.00000000e+00  0.00000000e+00  
        0.00000000e+00  0.00000000e+00  0.00000000e+00 
     1.00000000e+00  0.00000000e+00     0.00000000e+00  
     
     7.67288627e-03  1.45084123e-02  2.75306993e-02
[inference_controller-1]   -8.14953860e-04 -1.43634345e-01  1.69318579e-01  1.50552673e-01
[inference_controller-1]   -1.77379087e-01 

-8.38221499e-01 -1.00762264e+00  2.12526963e-01   2.09008404e+00  2.70617274e+00  3.46801026e+00 -8.22915005e-01   -4.44329233e+00 
 7.00000000e+00  7.00000000e+00  7.00000000e+00  7.00000000e+00  5.66300000e-01 -1.31800000e-01 -2.10000000e-02

[inference_controller-1]   -4.20000000e-01  9.18100000e-01  6.95000000e-02  9.80000000e-03
[inference_controller-1]    2.16500000e-01  1.00000000e+00  1.00000000e+00  1.00000000e+00
[inference_controller-1]    1.00000000e+00]]
