MOVIMENTO (0,1,0)


ISAACLAB:
INIZIO ITERAZIONE! Obs = tensor([[-1.0414e-01, -4.2029e-02, -1.3628e-01, -3.1679e-02,  4.7694e-02,
         -1.0169e+00,  0.0000e+00,  1.0000e+00, -0.0000e+00, -3.7422e-03,
          3.6557e-04, -6.2527e-02,  3.2609e-02, -1.9976e-02, -4.8489e-03,
         -3.3848e-02,  5.7795e-02, -2.5087e-01,  3.9676e-01,  5.2142e-02,
         -6.6045e-01, -1.0284e-02, -6.1904e-02, -9.3489e-01,  6.3579e-01,
         -1.0226e+01,  9.3834e+00,  9.9082e+00, -9.1027e+00, -1.6020e-01,
          1.6300e-01, -6.9649e-01,  4.2118e-01, -2.1487e-02, -6.8362e-02,
         -5.4184e-01,  7.0149e-01, -1.0000e+00,  1.0000e+00,  1.0000e+00,
         -1.0000e+00]], device='cuda:0')

ISAAC: actions = tensor([[-0.1746,  0.1824, -0.7050,  0.4140, -0.0244, -0.0847, -0.5371,  0.6336,
         -1.0000,  1.0000,  1.0000, -1.0000]], device='cuda:0')

ROS: Action: [-0.17457074  0.18237364 -0.7049636   0.4139936  -0.02438009 -0.08473296
[inference_controller-1]  -0.53713477  0.6336301  -1.          1.          1.         -1.        ]



========================================================================================================================
MOVIMENTO (0,-1,0)

INIZIO ITERAZIONE! Obs = tensor([[ 9.5828e-02, -1.0474e-01,  1.6861e-01, -2.7671e-02, -2.5763e-02,
         -9.7456e-01,  0.0000e+00, -1.0000e+00, -0.0000e+00,  3.1018e-02,
         -2.8578e-02, -1.8974e-02, -4.2235e-02,  3.9097e-02, -7.0659e-03,
          1.6685e-02, -2.5312e-02,  6.4228e-01,  5.7568e-01, -4.0303e-01,
         -6.8192e-01, -8.6582e-01, -3.3144e-01, -1.9127e-01,  6.0469e-02,
          1.0229e+01, -9.8025e+00, -1.0179e+01,  9.3752e+00,  3.4237e-01,
         -2.4879e-01, -7.4389e-02, -2.8732e-01,  5.1344e-01, -7.7947e-02,
          4.9718e-02,  4.0999e-02,  1.0000e+00, -1.0000e+00, -1.0000e+00,
          1.0000e+00]], device='cuda:0')

MIDDLE ITERAZIONE! actions = tensor([[ 0.1852, -0.2764,  0.1016, -0.1975,  0.1403, -0.1888, -0.0692, -0.0253,
          1.0000, -1.0000, -1.0000,  1.0000]], device='cuda:0')














==========================
MOVIMENTO (-1,0,0)

-------------- ISAACSIM --------------------

INIZIO ITERAZIONE! Obs = tensor([[ 3.2594e-01, -2.3234e-01, -2.7869e-01,  4.1866e-02,  8.7518e-03,
         -9.8466e-01, -1.0000e+00,  0.0000e+00, -0.0000e+00,  
 joint_pos      5.8767e-03,  4.6360e-05, -6.2503e-04,  1.6232e-02, -2.2629e-02, -5.8667e-04, -1.2844e-02, -7.5313e-04,  
 joint vel      3.0514e+00, -8.5331e-02,  8.4353e-01, -1.9722e+00,  5.6217e-01,  1.4813e+00,  4.3434e-01, -7.8986e-01,
                -1.1325e+01, -9.9201e+00, -9.2747e+00, -1.0420e+01,  
                
prev_action     4.3723e-01,  -4.1304e-01,  2.6036e-01, -1.6077e-01, -9.7949e-02, -6.3750e-01, -1.6319e-01, -1.1261e-01, 
                -1.0000e+00, -1.0000e+00, -1.0000e+00, -1.0000e+00]], device='cuda:0')

MIDDLE ITERAZIONE! actions = tensor([[ 0.4084, -0.4730,  0.2374, -0.0972, -0.1329, -0.4792, -0.1477, -0.0114,
         -1.0000, -1.0000, -1.0000, -1.0000]], device='cuda:0')



-------------- ROS --------------------


        obs: [[-1.75527341e-02 -4.78657603e-01  2.47765324e-02 
            -8.75908790e-03  2.40547038e-02 -9.99672271e-01 
            -5.00000000e-01  0.00000000e+00  0.00000000e+00 
joint_pos           -6.14864791e-03 -1.28423061e+00  6.43281243e-01   2.14747747e-01  4.32945043e-01  1.36461841e+00 -1.03295238e+00   2.62780124e-01 
joint cmd_vel       -6.95117269e-01  1.50288769e+00  2.52831625e+00   -2.07889090e+00 -2.70726242e+00  3.45669251e+00  5.03690301e+00 -7.62093221e+00 
                    -7.00000000e+00  7.00000000e+00  7.00000000e+00  -7.00000000e+00  
                    
 prev_action        5.02218679e-03 -2.30520785e-01  -7.74904490e-01   2.19329968e-01  6.54256701e-01 -7.87000597e-01  1.00000000e+00    8.62536788e-01 -1.00000000e+00  1.00000000e+00  1.00000000e+00  -1.00000000e+00
 ]]
Action: [ 0.01093181 -0.17349803 -0.8033184   0.21207063  0.64402264 -0.7497655   1.          0.8975869  -1.          1.          1.         -1.        ]
